360 1.45E-08 1.36E-08 9.79E-09 3.29E-09 1.66E-12 2.20E-09 7.71E-10 7.78E-09 2.03E-07 0 0 0 0 0 0 0
361 1.58E-08 9.46E-09 8.13E-09 3.44E-09 8.40E-10 4.90E-10 1.28E-09 7.97E-09 1.49E-07 0 0 0 0 0 0 0
362 1.40E-08 1.07E-08 1.03E-08 1.50E-09 3.43E-10 2.51E-09 2.13E-09 1.03E-08 1.13E-07 0 0 0 0 0 0 0
363 1.65E-08 1.10E-08 1.08E-08 2.73E-09 5.53E-11 9.30E-09 1.35E-09 9.95E-09 1.37E-07 0 0 0 0 0 0 0
364 1.29E-08 1.06E-08 9.32E-09 1.89E-09 3.27E-11 1.51E-08 8.97E-10 8.00E-09 1.00E-07 0 0 0 0 0 0 0
365 1.44E-08 1.24E-08 7.72E-09 2.20E-09 1.72E-12 8.09E-09 1.03E-09 1.06E-08 7.41E-08 0 0 0 0 0 0 0
366 1.49E-08 1.48E-08 1.16E-08 1.94E-09 1.85E-12 1.71E-09 3.59E-10 1.09E-08 1.32E-07 0 0 0 0 0 0 0
367 1.94E-08 1.42E-08 8.29E-09 1.94E-09 1.94E-12 1.75E-09 4.76E-10 9.85E-09 2.07E-07 0 0 0 0 0 0 0
368 1.38E-08 1.24E-08 8.59E-09 4.06E-09 2.01E-12 1.65E-09 3.09E-10 8.80E-09 2.94E-07 0 0 0 0 0 0 0
369 2.24E-08 1.27E-08 8.49E-09 3.89E-09 1.00E-09 3.41E-09 4.74E-10 8.21E-09 2.77E-07 0 0 0 0 0 0 0
370 1.72E-08 1.43E-08 1.35E-08 3.80E-09 4.25E-10 1.93E-08 2.03E-10 1.10E-08 2.71E-07 0 0 0 0 0 0 0
371 2.49E-08 1.55E-08 9.48E-09 1.87E-09 2.48E-12 1.65E-08 6.53E-10 1.42E-08 2.17E-07 0 0 0 0 0 0 0
372 3.40E-08 2.48E-08 1.30E-08 5.69E-09 2.80E-12 8.02E-09 1.39E-09 3.74E-08 2.08E-07 0 0 0 0 0 0 0
373 3.15E-08 2.31E-08 1.54E-08 2.92E-09 3.19E-12 2.09E-09 2.91E-09 1.82E-07 2.71E-07 0 0 0 0 0 0 0
374 4.71E-08 2.32E-08 1.73E-08 6.79E-09 2.86E-10 3.72E-08 7.33E-09 4.74E-07 2.29E-07 0 0 0 0 0 0 0
375 6.08E-08 2.63E-08 2.45E-08 1.10E-08 1.19E-10 5.14E-08 5.06E-09 6.97E-07 1.80E-07 0 0 0 0 0 0 0
376 4.21E-08 3.99E-08 3.99E-08 7.56E-09 4.67E-12 1.94E-08 4.73E-09 6.17E-07 1.72E-07 0 0 0 0 0 0 0
377 6.72E-08 1.06E-07 6.85E-08 9.64E-09 5.22E-09 2.52E-09 8.60E-09 4.54E-07 1.27E-07 0 0 0 0 0 0 0
378 7.15E-08 2.85E-07 8.67E-08 8.36E-09 2.17E-09 3.44E-08 1.05E-08 2.73E-07 1.70E-07 0 0 0 0 0 0 0
379 7.48E-08 6.64E-07 6.90E-08 1.25E-08 7.10E-12 4.74E-08 6.84E-09 1.68E-07 2.47E-07 0 0 0 0 0 0 0
380 8.41E-08 1.62E-06 3.93E-08 8.86E-09 8.01E-12 1.97E-08 1.61E-09 1.17E-07 2.89E-07 0 0 0 0 0 0 0
381 8.21E-08 3.94E-06 3.44E-08 9.79E-09 9.00E-12 1.61E-08 6.87E-09 9.48E-08 5.30E-07 0 0 0 0 0 0 0
382 9.80E-08 7.96E-06 5.05E-08 1.32E-08 1.00E-11 9.91E-08 7.44E-09 7.83E-08 5.26E-07 0 0 0 0 0 0 0
383 1.22E-07 1.40E-05 4.62E-08 1.71E-08 1.10E-11 8.76E-08 2.64E-08 8.74E-08 4.74E-07 0 0 0 0 0 0 0
384 1.13E-07 2.12E-05 4.33E-08 1.33E-08 1.20E-11 2.75E-08 6.60E-08 9.48E-08 5.13E-07 0 0 0 0 0 0 0
385 9.65E-08 3.00E-05 7.68E-08 3.12E-08 1.29E-11 1.19E-08 6.74E-08 9.53E-08 7.50E-07 0 0 0 0 0 0 0
386 1.22E-07 5.48E-05 5.81E-08 1.18E-08 6.37E-09 1.09E-07 4.09E-08 9.70E-08 9.88E-07 0 0 0 0 0 0 0
387 1.79E-07 9.33E-05 5.72E-08 2.26E-08 5.77E-09 1.32E-07 2.27E-08 9.02E-08 1.17E-06 0 0 0 0 0 0 0
388 1.35E-07 0.00014 8.18E-08 2.10E-08 1.20E-09 3.90E-08 2.22E-08 1.53E-07 1.03E-06 0 0 0 0 0 0 0
389 1.61E-07 0.000227 9.87E-08 2.70E-08 1.67E-11 1.04E-08 2.73E-08 2.14E-07 8.84E-07 0 0 0 0 0 0 0
390 1.69E-07 0.000475 9.36E-08 3.00E-08 1.77E-11 7.51E-08 2.62E-08 3.90E-07 2.96E-07 0 0 0 0 0 0 0
391 2.29E-07 0.000862 9.08E-08 1.86E-08 1.86E-11 1.38E-07 1.66E-08 9.69E-07 7.46E-07 0 0 0 0 0 0 0
392 1.39E-07 0.001464 1.19E-07 1.87E-08 1.95E-11 9.42E-08 8.55E-09 1.23E-06 7.03E-07 0 0 0 0 0 0 0
393 2.14E-07 0.00253 1.45E-07 2.95E-08 2.02E-11 7.23E-08 2.86E-09 9.55E-07 1.52E-07 0 0 0 0 0 0 0
394 2.42E-07 0.006736 1.31E-07 3.47E-08 2.11E-11 8.33E-08 6.68E-08 4.92E-07 1.56E-09 0 0 0 0 0 0 0
395 2.49E-07 0.018576 1.92E-07 3.96E-08 2.55E-08 2.00E-07 2.18E-07 2.14E-07 3.41E-11 0 0 0 0 0 0 0
396 2.80E-07 0.03462 2.66E-07 9.50E-09 6.22E-08 2.19E-07 3.26E-07 2.00E-07 1.83E-08 0 0 0 0 0 0 0
397 2.31E-07 0.053293 3.81E-07 9.94E-09 7.92E-08 1.23E-07 1.94E-07 2.00E-07 1.92E-08 0 0 0 0 0 0 0
398 2.96E-07 0.124001 5.54E-07 2.10E-08 3.73E-08 3.75E-07 6.96E-08 2.02E-07 3.88E-08 0 0 0 0 0 0 0
399 2.90E-07 0.213612 7.81E-07 1.51E-08 1.90E-08 7.35E-07 3.87E-08 3.01E-07 3.89E-08 0 0 0 0 0 0 0
400 3.44E-07 0.305115 9.35E-07 4.51E-08 3.77E-09 6.23E-07 5.50E-08 4.06E-07 9.17E-08 0 0 0 0 0 0 0
401 3.86E-07 0.399471 9.47E-07 1.69E-08 4.57E-09 3.99E-07 5.57E-08 9.51E-07 6.87E-08 0 0 0 0 0 0 0
402 3.47E-07 0.467192 9.55E-07 1.20E-08 4.17E-08 3.93E-07 5.74E-08 2.69E-06 1.29E-08 0 0 0 0 0 0 0
403 3.60E-07 0.529491 1.25E-06 2.89E-08 9.51E-08 2.04E-07 2.06E-08 4.06E-06 4.49E-09 0 0 0 0 0 0 0
404 2.97E-07 0.557516 1.64E-06 2.75E-08 1.09E-07 2.19E-07 2.43E-08 2.78E-06 2.80E-07 0 0 0 0 0 0 0
405 3.80E-07 0.575919 2.07E-06 5.87E-08 1.03E-07 5.24E-07 1.91E-08 8.63E-07 4.50E-07 0 0 0 0 0 0 0
406 4.53E-07 0.590347 2.35E-06 3.87E-08 5.16E-08 1.07E-06 1.27E-08 2.81E-07 9.62E-08 0 0 0 0 0 0 0
407 6.32E-07 0.603239 2.50E-06 1.24E-08 1.31E-08 1.27E-06 2.41E-09 2.55E-07 7.73E-08 0 0 0 0 0 0 0
408 6.62E-07 0.620477 2.63E-06 4.04E-08 1.33E-09 8.35E-07 9.84E-09 2.45E-07 2.01E-08 0 0 0 0 0 0 0
409 7.43E-07 0.63917 2.87E-06 3.53E-08 4.41E-08 8.92E-07 6.04E-08 2.58E-07 2.56E-10 0 0 0 0 0 0 0
410 7.72E-07 0.648781 3.49E-06 2.26E-08 8.44E-08 7.72E-07 2.53E-07 2.54E-07 5.15E-11 0 0 0 0 0 0 0
411 8.15E-07 0.655592 4.12E-06 2.65E-08 2.70E-08 6.40E-07 4.49E-07 3.58E-07 8.16E-08 0 0 0 0 0 0 0
412 8.28E-07 0.668505 4.54E-06 6.93E-08 1.62E-08 6.76E-07 3.40E-07 3.62E-07 1.94E-08 0 0 0 0 0 0 0
413 9.63E-07 0.682792 4.77E-06 2.10E-08 8.94E-09 4.91E-07 1.07E-07 4.76E-07 5.40E-08 0 0 0 0 0 0 0
414 1.23E-06 0.697569 5.56E-06 5.18E-08 1.33E-09 1.97E-07 2.62E-08 1.17E-06 3.33E-08 0 0 0 0 0 0 0
415 1.68E-06 0.712588 7.14E-06 3.13E-08 3.76E-11 2.25E-07 2.47E-08 2.60E-06 5.36E-09 0 0 0 0 0 0 0
416 2.12E-06 0.727075 9.01E-06 4.54E-08 3.82E-11 5.19E-07 9.15E-09 2.83E-06 5.83E-11 0 0 0 0 0 0 0
417 2.27E-06 0.741351 1.09E-05 4.31E-08 3.87E-11 6.00E-07 7.42E-09 1.81E-06 5.88E-11 0 0 0 0 0 0 0
418 2.36E-06 0.754752 1.22E-05 3.34E-08 1.60E-09 4.53E-07 7.55E-09 8.28E-07 5.11E-08 0 0 0 0 0 0 0
419 2.53E-06 0.767687 1.37E-05 5.75E-08 1.94E-08 8.73E-07 1.32E-09 5.64E-07 5.78E-08 0 0 0 0 0 0 0
420 3.06E-06 0.778487 1.61E-05 3.85E-08 3.98E-09 1.22E-06 3.23E-11 5.32E-07 7.19E-08 0 0 0 0 0 0 0
421 4.07E-06 0.788552 2.03E-05 2.83E-08 4.14E-11 1.10E-06 4.01E-08 6.67E-07 4.05E-08 0 0 0 0 0 0 0
422 5.95E-06 0.797011 2.60E-05 5.10E-08 4.97E-10 1.12E-06 2.81E-08 1.43E-06 7.34E-09 0 0 0 0 0 0 0
423 8.24E-06 0.805645 3.15E-05 4.51E-08 1.32E-10 1.92E-06 2.60E-08 2.46E-06 1.74E-08 0 0 0 0 0 0 0
424 1.05E-05 0.817088 3.72E-05 2.26E-08 3.06E-10 2.65E-06 4.35E-08 3.04E-06 3.38E-09 0 0 0 0 0 0 0
425 1.21E-05 0.828532 4.65E-05 4.71E-08 8.45E-09 2.29E-06 8.63E-08 2.36E-06 6.09E-11 0 0 0 0 0 0 0
426 1.29E-05 0.840768 6.43E-05 7.33E-08 6.42E-08 1.24E-06 5.84E-08 1.36E-06 2.03E-09 0 0 0 0 0 0 0
427 1.45E-05 0.8533 9.16E-05 3.39E-08 2.16E-07 8.55E-07 4.59E-08 7.56E-07 4.23E-10 0 0 0 0 0 0 0
428 1.88E-05 0.86433 0.000124 3.28E-08 2.72E-07 8.25E-07 1.94E-08 5.80E-07 4.58E-08 0 0 0 0 0 0 0
429 2.78E-05 0.874791 0.000156 6.26E-08 3.20E-07 7.39E-07 1.80E-08 4.76E-07 5.18E-08 0 0 0 0 0 0 0
430 4.44E-05 0.881852 0.000187 4.37E-08 1.99E-07 4.07E-07 9.76E-09 6.56E-07 3.65E-08 0 0 0 0 0 0 0
431 6.80E-05 0.888423 0.000224 1.50E-08 5.79E-08 4.13E-07 2.07E-08 1.21E-06 5.44E-08 0 0 0 0 0 0 0
432 9.48E-05 0.886541 0.000287 4.00E-08 5.38E-09 3.26E-07 1.01E-08 1.66E-06 3.99E-07 0 0 0 0 0 0 0
433 0.000119 0.882973 0.000391 4.85E-08 4.00E-08 4.52E-07 2.19E-08 1.23E-06 6.51E-07 0 0 0 0 0 0 0
434 0.00014 0.88827 0.000545 4.44E-08 6.47E-09 4.33E-07 1.19E-08 6.71E-07 3.68E-07 0 0 0 0 0 0 0
435 0.00017 0.894989 0.000757 5.05E-08 4.85E-11 3.81E-07 1.69E-08 4.50E-07 7.89E-07 0 0 0 0 0 0 0
436 0.000232 0.907332 0.001057 6.62E-08 4.89E-11 4.15E-07 2.46E-08 4.51E-07 1.02E-06 0 0 0 0 0 0 0
437 0.00037 0.920607 0.001534 9.92E-08 4.94E-11 8.71E-07 6.03E-08 5.49E-07 7.34E-07 0 0 0 0 0 0 0
438 0.000645 0.935001 0.002333 1.89E-08 5.00E-11 6.43E-07 5.94E-08 5.21E-07 2.62E-07 0 0 0 0 0 0 0
439 0.001112 0.949731 0.003519 6.31E-08 2.11E-07 3.63E-07 4.01E-08 5.89E-07 2.35E-08 0 0 0 0 0 0 0
440 0.001743 0.962121 0.005096 1.18E-07 9.28E-07 4.48E-07 1.68E-08 7.30E-07 3.30E-08 0 0 0 0 0 0 0
441 0.002459 0.973808 0.00727 9.29E-08 1.32E-06 1.06E-06 3.30E-08 6.14E-07 2.95E-07 0 0 0 0 0 0 0
442 0.003264 0.982343 0.010599 9.72E-08 7.51E-07 7.01E-07 1.73E-08 6.36E-07 3.93E-08 0 0 0 0 0 0 0
443 0.004435 0.990457 0.017802 9.05E-08 1.58E-07 3.49E-07 2.53E-08 1.16E-06 1.00E-07 0 0 0 0 0 0 0
444 0.018313 0.995282 0.033972 2.09E-07 1.05E-08 4.16E-07 6.70E-08 1.68E-06 7.66E-07 0 0 0 0 0 0 0
445 0.042566 1 0.051236 2.07E-07 1.22E-08 7.54E-07 2.06E-07 1.86E-06 3.32E-07 0 0 0 0 0 0 0
446 0.064373 0.974949 0.076693 2.58E-07 1.21E-09 4.39E-07 3.13E-07 1.32E-06 1.33E-07 0 0 0 0 0 0 0
447 0.086345 0.94533 0.103638 2.12E-07 5.00E-11 3.32E-07 1.76E-07 6.41E-07 1.28E-08 0 0 0 0 0 0 0
448 0.108479 0.811256 0.169169 1.89E-07 5.45E-11 5.78E-07 6.18E-08 3.71E-07 5.58E-08 0 0 0 0 0 0 0
449 0.136832 0.663603 0.239928 2.83E-07 6.95E-08 9.65E-07 5.70E-08 3.21E-07 2.95E-07 0 0 0 0 0 0 0
450 0.197764 0.474345 0.363869 3.52E-07 3.74E-07 6.13E-07 4.27E-08 4.46E-07 4.23E-07 0 0 0 0 0 0 0
451 0.259315 0.278716 0.495123 3.65E-07 7.60E-07 4.68E-07 4.87E-08 5.74E-07 1.22E-06 0 0 0 0 0 0 0
452 0.321306 0.171196 0.578093 2.89E-07 4.29E-07 3.76E-07 3.92E-08 5.59E-07 8.17E-07 0 0 0 0 0 0 0
453 0.383465 0.07256 0.655732 2.14E-07 6.70E-08 4.39E-07 1.03E-07 5.47E-07 1.32E-06 0 0 0 0 0 0 0
454 0.437569 0.042456 0.702359 3.65E-07 3.14E-09 7.45E-07 3.98E-07 5.22E-07 1.78E-06 0 0 0 0 0 0 0
455 0.45162 0.019747 0.746604 5.82E-07 5.63E-11 5.32E-07 1.00E-06 4.96E-07 1.43E-06 0 0 0 0 0 0 0
456 0.465832 0.010056 0.765357 6.85E-07 2.43E-08 4.81E-07 1.64E-06 4.66E-07 6.09E-07 0 0 0 0 0 0 0
457 0.479843 0.004716 0.781177 5.22E-07 4.63E-09 8.49E-07 1.50E-06 4.91E-07 1.62E-06 0 0 0 0 0 0 0
458 0.493835 0.0028 0.789784 3.69E-07 3.23E-08 7.80E-07 8.64E-07 5.13E-07 1.34E-06 0 0 0 0 0 0 0
459 0.506704 0.001648 0.797985 3.15E-07 1.35E-08 4.02E-07 4.12E-07 5.23E-07 6.44E-07 0 0 0 0 0 0 0
460 0.513693 0.001079 0.802868 3.80E-07 7.96E-09 2.27E-07 5.62E-07 5.66E-07 9.28E-08 0 0 0 0 0 0 0
461 0.520474 0.000658 0.807099 4.13E-07 6.41E-10 5.87E-07 1.55E-06 5.69E-07 1.09E-06 0 0 0 0 0 0 0
462 0.527456 0.000416 0.813323 3.68E-07 5.83E-11 1.19E-06 2.81E-06 5.11E-07 2.38E-06 0 0 0 0 0 0 0
463 0.534976 0.000268 0.820484 2.70E-07 5.87E-11 7.46E-07 2.98E-06 4.85E-07 1.59E-06 0 0 0 0 0 0 0
464 0.540903 0.000181 0.82351 2.20E-07 5.92E-11 9.05E-07 2.18E-06 5.39E-07 2.79E-06 0 0 0 0 0 0 0
465 0.540142 9.59E-05 0.825085 2.17E-07 5.96E-11 8.47E-07 1.24E-06 7.39E-07 2.97E-06 0 0 0 0 0 0 0
466 0.539157 8.12E-05 0.822387 2.60E-07 5.98E-11 7.68E-07 5.71E-07 2.78E-06 2.74E-06 0 0 0 0 0 0 0
467 0.53858 6.02E-05 0.820022 4.21E-07 6.02E-11 1.06E-06 2.63E-07 9.76E-06 1.69E-06 0 0 0 0 0 0 0
468 0.538287 3.86E-05 0.827428 5.70E-07 6.03E-11 5.36E-07 2.18E-07 1.54E-05 1.77E-06 0 0 0 0 0 0 0
469 0.538725 2.49E-05 0.835517 5.49E-07 3.45E-08 6.12E-07 3.73E-07 1.35E-05 2.61E-06 0 0 0 0 0 0 0
470 0.541662 1.60E-05 0.839875 4.57E-07 1.88E-09 5.80E-07 5.97E-07 6.32E-06 2.89E-06 0 0 0 0 0 0 0
471 0.544384 1.11E-05 0.843682 3.71E-07 5.56E-11 4.73E-07 5.20E-07 1.91E-06 1.13E-06 0 0 0 0 0 0 0
472 0.54722 9.24E-06 0.849677 3.32E-07 5.57E-11 4.32E-07 2.37E-07 7.67E-07 1.44E-06 0 0 0 0 0 0 0
473 0.550425 7.11E-06 0.85637 4.48E-07 5.58E-11 8.73E-07 7.96E-08 5.80E-07 8.07E-07 0 0 0 0 0 0 0
474 0.552697 5.86E-06 0.866829 5.68E-07 6.08E-11 1.31E-06 2.29E-08 6.85E-07 5.89E-07 0 0 0 0 0 0 0
475 0.551602 4.20E-06 0.876742 6.86E-07 6.11E-11 1.06E-06 8.65E-09 6.51E-07 2.62E-08 0 0 0 0 0 0 0
476 0.550437 3.90E-06 0.876576 5.36E-07 6.14E-11 1.45E-06 3.99E-10 6.58E-07 8.46E-08 0 0 0 0 0 0 0
477 0.549648 3.25E-06 0.876547 4.10E-07 6.18E-11 1.79E-06 1.55E-08 7.20E-07 3.71E-09 0 0 0 0 0 0 0
478 0.54883 2.45E-06 0.882416 3.56E-07 1.63E-09 1.48E-06 6.70E-10 7.34E-07 1.47E-08 0 0 0 0 0 0 0
479 0.548558 2.16E-06 0.887861 2.96E-07 5.37E-09 1.46E-06 1.43E-09 8.47E-07 2.01E-07 0 0 0 0 0 0 0
480 0.551283 1.50E-06 0.894562 3.11E-07 2.48E-10 6.06E-07 1.62E-09 1.24E-06 9.27E-07 0 0 0 0 0 0 0
481 0.554382 1.22E-06 0.90193 3.90E-07 6.27E-11 5.92E-07 4.56E-09 2.28E-06 1.64E-06 0 0 0 0 0 0 0
482 0.557708 8.24E-07 0.899177 5.19E-07 4.83E-08 7.05E-07 1.41E-09 7.73E-06 9.14E-07 0 0 0 0 0 0 0
483 0.560996 7.34E-07 0.89597 6.32E-07 2.67E-09 1.14E-06 1.20E-08 2.20E-05 1.82E-06 0 0 0 0 0 0 0
484 0.562982 4.91E-07 0.897326 6.79E-07 9.54E-11 3.76E-07 6.75E-09 3.42E-05 7.60E-07 0 0 0 0 0 0 0
485 0.561539 4.82E-07 0.898469 5.96E-07 1.57E-08 2.96E-07 3.68E-08 2.32E-05 1.02E-07 0 0 0 0 0 0 0
486 0.560189 5.06E-07 0.904961 5.64E-07 3.92E-10 7.68E-07 1.69E-08 7.55E-06 4.42E-08 0 0 0 0 0 0 0
487 0.559198 4.09E-07 0.912201 5.37E-07 6.45E-11 1.80E-06 1.10E-08 1.72E-06 3.61E-07 0 0 0 0 0 0 0
488 0.558265 4.14E-07 0.925239 5.58E-07 3.12E-08 2.08E-06 6.09E-09 1.05E-06 1.78E-07 0 0 0 0 0 0 0
489 0.558401 3.93E-07 0.938061 6.14E-07 3.57E-08 1.56E-06 4.94E-09 8.39E-07 1.98E-07 0 0 0 0 0 0 0
490 0.56201 2.65E-07 0.950024 8.36E-07 4.68E-10 5.92E-07 1.06E-08 8.00E-07 7.79E-08 0 0 0 0 0 0 0
491 0.565787 1.82E-07 0.962291 1.18E-06 6.60E-11 5.03E-07 2.30E-09 7.87E-07 1.91E-07 0 0 0 0 0 0 0
492 0.569265 2.68E-07 0.963251 1.80E-06 1.17E-08 5.57E-07 7.16E-11 7.79E-07 2.48E-07 0 0 0 0 0 0 0
493 0.572125 3.11E-07 0.963045 3.05E-06 5.34E-08 7.44E-07 5.69E-11 8.13E-07 4.36E-07 0 0 0 0 0 0 0
494 0.573941 1.60E-07 0.963055 5.00E-06 1.86E-10 4.08E-07 7.23E-09 8.82E-07 4.84E-07 0 0 0 0 0 0 0
495 0.573487 8.41E-08 0.964915 8.56E-06 6.56E-11 2.68E-07 5.69E-11 1.51E-06 7.11E-07 0 0 0 0 0 0 0
496 0.573039 1.33E-07 0.97352 1.37E-05 6.58E-11 4.72E-07 2.53E-08 3.63E-06 9.01E-07 0 0 0 0 0 0 0
497 0.571515 2.07E-07 0.98035 2.12E-05 2.24E-10 8.01E-07 2.22E-08 4.40E-06 1.70E-07 0 0 0 0 0 0 0
498 0.569687 4.19E-07 0.985714 3.28E-05 3.54E-08 3.14E-07 6.67E-09 2.35E-06 5.64E-08 0 0 0 0 0 0 0
499 0.570878 1.80E-07 0.992128 5.21E-05 1.72E-10 4.53E-07 1.00E-08 8.40E-07 5.85E-08 0 0 0 0 0 0 0
500 0.577902 1.06E-07 0.996347 9.07E-05 1.18E-08 9.60E-07 1.14E-10 7.65E-07 1.53E-07 0 0 0 0 0 0 0
501 0.584651 1.39E-07 1 0.000176 6.94E-09 5.30E-07 5.10E-09 7.12E-07 4.23E-07 0 0 0 0 0 0 0
502 0.591259 1.09E-07 0.999729 0.00038 5.57E-08 6.27E-07 5.05E-09 6.72E-07 4.58E-07 0 0 0 0 0 0 0
503 0.597973 3.91E-07 0.999176 0.000933 2.09E-08 9.60E-07 4.16E-08 7.21E-07 1.11E-06 0 0 0 0 0 0 0
504 0.602835 8.89E-08 0.976138 0.002439 3.63E-08 1.25E-06 5.90E-08 7.16E-07 4.86E-07 0 0 0 0 0 0 0
505 0.603484 1.35E-07 0.952372 0.006496 1.74E-07 5.45E-07 1.75E-08 7.15E-07 9.55E-08 0 0 0 0 0 0 0
506 0.604042 2.69E-07 0.902078 0.02526 7.25E-08 4.01E-07 9.35E-09 7.29E-07 5.51E-08 0 0 0 0 0 0 0
507 0.604451 3.56E-07 0.850259 0.046836 1.96E-07 4.85E-07 1.28E-08 7.96E-07 6.69E-08 0 0 0 0 0 0 0
508 0.604784 1.71E-07 0.759146 0.12298 3.00E-07 1.23E-06 7.04E-09 7.78E-07 6.35E-09 0 0 0 0 0 0 0
509 0.606214 1.44E-07 0.666421 0.203236 2.96E-07 8.19E-07 3.52E-10 7.67E-07 2.12E-07 0 0 0 0 0 0 0
510 0.609925 1.85E-07 0.53387 0.401607 4.82E-07 4.18E-07 1.03E-08 7.37E-07 1.42E-07 0 0 0 0 0 0 0
511 0.613795 2.47E-07 0.401847 0.596269 6.29E-07 4.41E-07 3.45E-08 6.96E-07 2.75E-07 0 0 0 0 0 0 0
512 0.617718 1.54E-07 0.296567 0.664727 6.00E-07 8.40E-07 3.98E-09 6.68E-07 7.05E-07 0 0 0 0 0 0 0
513 0.621574 9.15E-08 0.192917 0.731421 4.80E-07 5.83E-07 3.88E-08 6.30E-07 2.22E-07 0 0 0 0 0 0 0
514 0.624445 1.29E-07 0.140741 0.750544 4.31E-07 4.29E-07 2.53E-08 6.37E-07 4.63E-07 0 0 0 0 0 0 0
515 0.625516 5.62E-08 0.08881 0.768821 2.51E-07 4.42E-07 2.73E-08 6.47E-07 4.36E-07 0 0 0 0 0 0 0
516 0.62649 1.39E-07 0.064182 0.768652 2.36E-07 5.90E-07 2.58E-09 6.69E-07 1.74E-07 0 0 0 0 0 0 0
517 0.627361 3.11E-07 0.041059 0.769261 3.04E-07 5.29E-07 8.23E-09 8.41E-07 7.15E-08 0 0 0 0 0 0 0
518 0.628341 1.66E-07 0.028458 0.787578 3.34E-07 7.83E-07 4.40E-08 9.48E-07 3.05E-09 0 0 0 0 0 0 0
519 0.629919 1.72E-07 0.01918 0.805335 5.25E-07 1.06E-06 4.27E-09 1.04E-06 5.71E-08 0 0 0 0 0 0 0
520 0.632082 8.78E-08 0.009926 0.805967 6.69E-07 4.46E-07 3.80E-08 1.14E-06 9.06E-08 0 0 0 0 0 0 0
521 0.633991 2.76E-07 0.006864 0.805406 8.64E-07 3.76E-07 1.63E-08 1.19E-06 7.16E-07 0 0 0 0 0 0 0
522 0.635858 2.92E-07 0.004817 0.790911 7.72E-07 7.46E-07 1.28E-08 1.63E-06 3.37E-06 0 0 0 0 0 0 0
523 0.637921 1.91E-07 0.003325 0.778411 5.86E-07 3.60E-07 8.91E-11 1.78E-06 9.85E-06 0 0 0 0 0 0 0
524 0.642019 1.06E-07 0.002309 0.793169 5.07E-07 2.71E-07 6.97E-10 1.48E-06 1.06E-05 0 0 0 0 0 0 0
525 0.649327 9.62E-08 0.001574 0.806984 3.04E-07 2.67E-07 1.34E-08 1.14E-06 4.59E-06 0 0 0 0 0 0 0
526 0.656659 2.19E-07 0.001142 0.809861 3.09E-07 1.78E-07 7.74E-08 8.37E-07 7.97E-07 0 0 0 0 0 0 0
527 0.664197 4.27E-07 0.000845 0.813092 3.22E-07 2.30E-07 3.13E-07 7.66E-07 5.87E-07 0 0 0 0 0 0 0
528 0.671795 1.43E-07 0.000636 0.817991 1.55E-07 2.67E-07 1.03E-06 6.91E-07 8.69E-08 0 0 0 0 0 0 0
529 0.677531 2.21E-07 0.00049 0.823195 2.77E-07 9.70E-07 1.42E-06 6.86E-07 1.12E-07 0 0 0 0 0 0 0
530 0.680436 1.87E-07 0.000389 0.83402 2.16E-07 8.97E-07 1.05E-06 7.58E-07 8.95E-07 0 0 0 0 0 0 0
531 0.683329 2.20E-07 0.000319 0.843829 3.09E-07 6.14E-07 4.14E-07 7.58E-07 1.91E-07 0 0 0 0 0 0 0
532 0.686314 4.29E-07 0.000271 0.842021 2.87E-07 7.48E-07 1.31E-07 8.01E-07 1.16E-10 0 0 0 0 0 0 0
533 0.689452 2.39E-07 0.000234 0.838466 4.34E-07 1.43E-06 1.27E-07 7.69E-07 6.57E-08 0 0 0 0 0 0 0
534 0.692382 5.64E-07 0.000199 0.814346 5.94E-07 1.41E-06 1.99E-07 7.59E-07 8.01E-07 0 0 0 0 0 0 0
535 0.694833 9.45E-07 0.000162 0.792565 6.62E-07 5.47E-07 9.88E-07 7.34E-07 1.22E-06 0 0 0 0 0 0 0
536 0.697068 5.30E-07 0.000127 0.796798 8.31E-07 4.23E-07 1.89E-06 7.33E-07 1.47E-06 0 0 0 0 0 0 0
537 0.699089 3.01E-07 9.58E-05 0.802624 9.05E-07 5.16E-07 1.62E-06 7.73E-07 2.48E-06 0 0 0 0 0 0 0
538 0.701288 8.02E-08 7.22E-05 0.826319 9.25E-07 9.90E-07 5.29E-07 8.62E-07 2.66E-06 0 0 0 0 0 0 0
539 0.703869 3.30E-07 5.60E-05 0.849255 9.23E-07 7.30E-07 4.23E-08 9.11E-07 1.53E-06 0 0 0 0 0 0 0
540 0.706379 1.84E-07 4.42E-05 0.859339 9.03E-07 3.52E-07 3.54E-08 9.79E-07 7.25E-08 0 0 0 0 0 0 0
541 0.70853 2.41E-07 3.67E-05 0.868621 9.14E-07 3.98E-07 3.45E-08 1.19E-06 7.75E-09 0 0 0 0 0 0 0
542 0.710518 3.75E-08 3.16E-05 0.874276 8.87E-07 5.21E-07 1.98E-08 1.35E-06 1.39E-07 0 0 0 0 0 0 0
543 0.712628 6.67E-08 2.82E-05 0.879189 9.54E-07 7.15E-07 5.61E-08 1.40E-06 5.58E-07 0 0 0 0 0 0 0
544 0.714437 2.85E-08 2.50E-05 0.876746 8.76E-07 1.10E-06 1.88E-07 1.39E-06 1.49E-08 0 0 0 0 0 0 0
545 0.715748 9.10E-08 2.22E-05 0.874751 8.03E-07 8.61E-07 2.92E-07 1.27E-06 1.81E-07 0 0 0 0 0 0 0
546 0.717086 1.71E-07 1.97E-05 0.875939 7.34E-07 6.04E-07 1.52E-07 1.23E-06 5.24E-07 0 0 0 0 0 0 0
547 0.718422 7.54E-08 1.72E-05 0.87711 7.46E-07 6.62E-07 4.50E-08 1.28E-06 3.26E-07 0 0 0 0 0 0 0
548 0.719667 1.02E-07 1.50E-05 0.878077 6.93E-07 7.90E-07 1.37E-08 1.48E-06 9.55E-08 0 0 0 0 0 0 0
549 0.721701 1.33E-07 1.34E-05 0.880157 5.94E-07 1.06E-06 1.65E-08 1.92E-06 6.58E-07 0 0 0 0 0 0 0
550 0.724887 2.57E-07 1.22E-05 0.891636 6.61E-07 1.41E-06 4.09E-08 2.78E-06 3.43E-06 0 0 0 0 0 0 0
551 0.728224 1.98E-07 1.13E-05 0.903123 7.28E-07 1.39E-06 1.81E-09 3.57E-06 4.68E-06 0 0 0 0 0 0 0
552 0.73175 1.69E-07 1.03E-05 0.913426 7.15E-07 9.19E-07 1.46E-08 3.80E-06 3.13E-06 0 0 0 0 0 0 0
553 0.735377 4.14E-07 9.53E-06 0.924591 8.33E-07 9.63E-07 1.72E-08 3.53E-06 1.29E-06 0 0 0 0 0 0 0
554 0.738462 8.63E-08 8.89E-06 0.940079 7.83E-07 1.07E-06 1.03E-10 2.87E-06 9.12E-09 0 0 0 0 0 0 0
555 0.740673 6.22E-08 7.93E-06 0.954001 6.63E-07 1.69E-06 7.37E-10 2.38E-06 5.57E-07 0 0 0 0 0 0 0
556 0.742961 1.02E-07 6.68E-06 0.963171 6.95E-07 9.88E-07 3.00E-09 2.20E-06 3.25E-06 0 0 0 0 0 0 0
557 0.746043 6.87E-08 5.68E-06 0.971404 8.60E-07 8.67E-07 4.73E-10 2.40E-06 3.89E-07 0 0 0 0 0 0 0
558 0.749457 1.32E-07 5.31E-06 0.967758 9.13E-07 1.02E-06 7.58E-09 2.73E-06 1.21E-07 0 0 0 0 0 0 0
559 0.752169 8.39E-08 4.55E-06 0.965047 1.18E-06 1.81E-06 3.26E-08 3.49E-06 4.56E-07 0 0 0 0 0 0 0
560 0.754126 1.61E-07 3.97E-06 0.969935 1.58E-06 2.22E-06 1.20E-08 4.85E-06 2.22E-06 0 0 0 0 0 0 0
561 0.755956 1.13E-07 3.90E-06 0.973848 1.90E-06 1.32E-06 3.59E-09 6.37E-06 1.76E-07 0 0 0 0 0 0 0
562 0.757888 5.87E-08 3.69E-06 0.973167 2.27E-06 1.58E-06 2.45E-08 7.06E-06 5.69E-08 0 0 0 0 0 0 0
563 0.760069 1.03E-07 3.32E-06 0.970864 3.20E-06 2.35E-06 3.35E-08 6.33E-06 1.96E-07 0 0 0 0 0 0 0
564 0.762862 6.44E-08 3.23E-06 0.95776 4.34E-06 3.28E-06 5.87E-08 4.66E-06 1.10E-06 0 0 0 0 0 0 0
565 0.766033 4.17E-08 3.36E-06 0.945509 5.75E-06 2.85E-06 2.07E-08 3.36E-06 8.85E-08 0 0 0 0 0 0 0
566 0.769116 1.40E-07 3.21E-06 0.939969 7.75E-06 1.92E-06 1.24E-08 2.56E-06 1.52E-07 0 0 0 0 0 0 0
567 0.77238 1.43E-07 3.04E-06 0.93798 1.09E-05 1.73E-06 7.57E-10 2.19E-06 2.00E-07 0 0 0 0 0 0 0
568 0.775873 7.62E-08 3.10E-06 0.953744 1.59E-05 1.86E-06 8.80E-09 2.02E-06 3.76E-07 0 0 0 0 0 0 0
569 0.779117 5.34E-08 2.96E-06 0.969656 2.40E-05 1.99E-06 2.94E-08 2.27E-06 7.52E-07 0 0 0 0 0 0 0
570 0.781876 1.02E-08 2.81E-06 0.984937 3.79E-05 1.32E-06 1.45E-08 3.12E-06 3.34E-06 0 0 0 0 0 0 0
571 0.784376 2.10E-08 2.17E-06 0.997771 6.29E-05 1.48E-06 1.71E-09 4.88E-06 1.33E-10 0 0 0 0 0 0 0
572 0.78683 3.34E-08 2.04E-06 1 0.000109 2.10E-06 8.30E-09 7.74E-06 1.79E-07 0 0 0 0 0 0 0
573 0.789452 9.07E-08 2.30E-06 0.99935 0.000197 2.22E-06 1.03E-08 8.93E-06 9.52E-07 0 0 0 0 0 0 0
574 0.791914 7.56E-08 1.93E-06 0.984038 0.000363 1.32E-06 4.76E-08 6.76E-06 4.42E-07 0 0 0 0 0 0 0
575 0.794044 1.09E-07 1.78E-06 0.961086 0.000676 1.57E-06 2.06E-08 3.68E-06 1.13E-07 0 0 0 0 0 0 0
576 0.796267 2.45E-07 1.89E-06 0.90466 0.001276 2.12E-06 2.95E-09 2.02E-06 1.14E-07 0 0 0 0 0 0 0
577 0.798867 1.41E-07 1.63E-06 0.83506 0.002448 1.81E-06 1.31E-08 1.49E-06 3.05E-07 0 0 0 0 0 0 0
578 0.801508 1.44E-07 1.49E-06 0.70566 0.004861 1.21E-06 2.82E-10 1.19E-06 1.08E-06 0 0 0 0 0 0 0
579 0.803622 1.98E-07 1.67E-06 0.572938 0.010254 1.48E-06 1.02E-09 9.66E-07 1.04E-06 0 0 0 0 0 0 0
580 0.805331 2.00E-07 1.87E-06 0.428809 0.034177 2.07E-06 3.61E-10 8.56E-07 4.84E-08 0 0 0 0 0 0 0
581 0.807019 9.93E-08 1.83E-06 0.295512 0.067666 1.85E-06 1.50E-09 9.77E-07 1.18E-07 0 0 0 0 0 0 0
582 0.808901 1.10E-07 1.74E-06 0.209108 0.160065 1.33E-06 5.98E-09 8.58E-07 2.08E-07 0 0 0 0 0 0 0
583 0.811074 8.89E-08 1.66E-06 0.131948 0.267808 1.47E-06 1.16E-08 8.71E-07 7.39E-07 0 0 0 0 0 0 0
584 0.813636 4.65E-07 1.82E-06 0.093157 0.436883 1.73E-06 6.85E-08 9.22E-07 7.69E-08 0 0 0 0 0 0 0
585 0.816179 5.66E-07 1.51E-06 0.058628 0.599934 2.06E-06 8.78E-08 9.27E-07 1.66E-07 0 0 0 0 0 0 0
586 0.818758 2.31E-07 1.37E-06 0.041509 0.738334 2.03E-06 6.13E-09 9.64E-07 3.93E-07 0 0 0 0 0 0 0
587 0.82186 3.12E-07 1.71E-06 0.024866 0.853146 1.37E-06 8.65E-09 1.05E-06 1.24E-06 0 0 0 0 0 0 0
588 0.825277 2.38E-07 1.85E-06 0.016782 0.874166 1.49E-06 2.08E-08 9.37E-07 1.22E-06 0 0 0 0 0 0 0
589 0.829178 2.63E-07 1.88E-06 0.011052 0.891535 2.19E-06 1.82E-08 9.35E-07 3.32E-07 0 0 0 0 0 0 0
590 0.833041 1.16E-07 1.81E-06 0.007481 0.894733 2.78E-06 1.64E-08 9.52E-07 3.86E-07 0 0 0 0 0 0 0
591 0.836238 1.06E-07 2.13E-06 0.004967 0.898038 1.63E-06 2.32E-08 9.24E-07 7.96E-07 0 0 0 0 0 0 0
592 0.839421 3.20E-07 2.27E-06 0.003516 0.904336 1.75E-06 3.60E-08 9.17E-07 6.30E-07 0 0 0 0 0 0 0
593 0.843221 9.42E-08 1.95E-06 0.00253 0.910446 2.28E-06 1.95E-08 8.69E-07 6.11E-07 0 0 0 0 0 0 0
594 0.845524 9.73E-08 1.92E-06 0.001928 0.913783 2.71E-06 5.53E-09 9.45E-07 1.19E-06 0 0 0 0 0 0 0
595 0.846339 1.24E-07 1.89E-06 0.001485 0.916896 1.84E-06 1.03E-08 9.86E-07 1.99E-06 0 0 0 0 0 0 0
596 0.847118 1.31E-07 1.63E-06 0.001149 0.91992 1.76E-06 5.39E-09 1.26E-06 6.24E-07 0 0 0 0 0 0 0
597 0.848091 3.37E-07 1.69E-06 0.000896 0.922086 1.85E-06 2.02E-08 1.56E-06 3.10E-07 0 0 0 0 0 0 0
598 0.849122 8.93E-08 1.80E-06 0.000702 0.920687 2.33E-06 3.23E-08 1.55E-06 3.39E-07 0 0 0 0 0 0 0
599 0.85067 2.38E-07 2.41E-06 0.00055 0.921084 2.55E-06 1.37E-08 1.28E-06 3.49E-07 0 0 0 0 0 0 0
600 0.85253 7.42E-07 2.21E-06 0.000429 0.927731 2.21E-06 6.29E-10 8.45E-07 2.39E-07 0 0 0 0 0 0 0
601 0.854307 1.05E-06 2.27E-06 0.000336 0.934711 2.08E-06 9.32E-09 6.65E-07 3.31E-07 0 0 0 0 0 0 0
602 0.856106 6.70E-07 2.57E-06 0.000263 0.943046 2.68E-06 3.32E-08 6.34E-07 2.87E-07 0 0 0 0 0 0 0
603 0.858042 6.88E-07 2.02E-06 0.000207 0.948532 3.35E-06 2.90E-08 6.35E-07 3.43E-07 0 0 0 0 0 0 0
604 0.861017 5.81E-07 2.14E-06 0.000165 0.944803 3.60E-06 8.33E-09 6.14E-07 3.02E-07 0 0 0 0 0 0 0
605 0.864746 3.51E-07 3.64E-06 0.000133 0.943101 3.07E-06 2.92E-08 5.68E-07 2.53E-07 0 0 0 0 0 0 0
606 0.86834 2.28E-07 6.33E-06 0.00011 0.946776 3.21E-06 1.91E-08 5.63E-07 2.66E-07 0 0 0 0 0 0 0
607 0.871492 2.47E-07 1.01E-05 9.22E-05 0.952921 4.29E-06 2.49E-08 5.67E-07 1.70E-07 0 0 0 0 0 0 0
608 0.874482 2.40E-07 1.27E-05 7.83E-05 0.967716 5.51E-06 9.88E-09 5.29E-07 6.52E-07 0 0 0 0 0 0 0
609 0.876953 6.52E-07 1.04E-05 6.74E-05 0.980731 6.33E-06 3.54E-08 6.38E-07 4.61E-07 0 0 0 0 0 0 0
610 0.879153 2.29E-07 4.89E-06 5.82E-05 0.988084 7.45E-06 2.25E-08 6.07E-07 1.77E-07 0 0 0 0 0 0 0
611 0.881383 1.96E-07 1.51E-06 5.03E-05 0.994038 9.51E-06 1.05E-08 6.00E-07 4.23E-07 0 0 0 0 0 0 0
612 0.883474 1.59E-07 4.96E-07 4.33E-05 0.995714 1.21E-05 1.25E-10 6.13E-07 5.94E-07 0 0 0 0 0 0 0
613 0.885326 3.64E-07 4.48E-07 3.69E-05 0.99625 1.61E-05 2.54E-09 5.93E-07 5.82E-07 0 0 0 0 0 0 0
614 0.885807 5.97E-07 4.56E-07 3.14E-05 0.994345 2.35E-05 2.31E-08 6.12E-07 9.04E-07 0 0 0 0 0 0 0
615 0.885713 5.95E-07 1.67E-07 2.66E-05 0.992549 3.58E-05 5.47E-08 6.23E-07 2.22E-07 0 0 0 0 0 0 0
616 0.885739 4.45E-07 1.79E-07 2.24E-05 0.990572 5.49E-05 3.86E-08 6.00E-07 5.00E-07 0 0 0 0 0 0 0
617 0.885778 6.97E-07 2.38E-07 1.90E-05 0.991442 8.63E-05 4.55E-08 6.85E-07 1.76E-06 0 0 0 0 0 0 0
618 0.885935 9.47E-07 1.61E-07 1.62E-05 1 0.000144 4.63E-08 6.40E-07 1.91E-06 0 0 0 0 0 0 0
619 0.886858 1.11E-06 1.53E-07 1.41E-05 0.996185 0.000247 4.21E-09 6.25E-07 1.46E-07 0 0 0 0 0 0 0
620 0.888107 9.71E-07 2.43E-07 1.25E-05 0.959479 0.000429 4.71E-09 6.15E-07 1.14E-06 0 0 0 0 0 0 0
621 0.889204 9.71E-07 3.86E-07 1.11E-05 0.8952 0.000761 2.12E-08 6.88E-07 3.13E-06 0 0 0 0 0 0 0
622 0.890268 9.46E-07 2.44E-07 1.02E-05 0.761264 0.001396 3.14E-08 6.94E-07 1.22E-06 0 0 0 0 0 0 0
623 0.891398 1.03E-06 2.85E-07 9.43E-06 0.619714 0.00268 2.12E-08 6.70E-07 6.26E-08 0 0 0 0 0 0 0
624 0.894687 1.38E-06 3.51E-07 8.79E-06 0.459664 0.00812 1.11E-08 6.80E-07 1.02E-06 0 0 0 0 0 0 0
625 0.898772 2.19E-06 2.84E-07 8.24E-06 0.314076 0.020268 3.25E-08 7.07E-07 2.18E-06 0 0 0 0 0 0 0
626 0.902922 1.69E-06 2.37E-07 7.81E-06 0.204991 0.050592 4.84E-08 7.34E-07 2.41E-07 0 0 0 0 0 0 0
627 0.907543 5.06E-07 2.45E-07 7.37E-06 0.115597 0.103094 1.49E-08 6.98E-07 2.46E-07 0 0 0 0 0 0 0
628 0.912085 2.15E-07 4.20E-07 6.91E-06 0.073358 0.205511 1.36E-08 6.94E-07 1.56E-07 0 0 0 0 0 0 0
629 0.915195 3.29E-07 2.60E-07 6.60E-06 0.039811 0.325406 1.08E-08 7.00E-07 8.75E-07 0 0 0 0 0 0 0
630 0.918006 4.28E-07 1.98E-07 6.21E-06 0.026138 0.48602 2.07E-08 7.46E-07 2.58E-06 0 0 0 0 0 0 0
631 0.921583 1.59E-07 2.67E-07 5.84E-06 0.016246 0.63722 2.79E-08 7.11E-07 1.75E-06 0 0 0 0 0 0 0
632 0.925255 1.99E-07 3.05E-07 5.48E-06 0.01111 0.765525 3.31E-08 7.17E-07 2.30E-07 0 0 0 0 0 0 0
633 0.928305 1.84E-07 2.62E-07 5.09E-06 0.007468 0.866748 4.41E-08 6.84E-07 1.66E-06 0 0 0 0 0 0 0
634 0.92773 1.13E-07 2.23E-07 4.72E-06 0.005235 0.907756 1.52E-08 7.80E-07 3.96E-06 0 0 0 0 0 0 0
635 0.926052 1.04E-07 2.75E-07 4.43E-06 0.003647 0.937167 1.26E-08 8.05E-07 1.13E-06 0 0 0 0 0 0 0
636 0.924596 1.48E-07 1.96E-07 4.20E-06 0.002588 0.94029 2.21E-08 7.44E-07 2.38E-07 0 0 0 0 0 0 0
637 0.922998 3.47E-08 2.63E-07 4.04E-06 0.001828 0.941915 6.06E-08 7.77E-07 7.25E-07 0 0 0 0 0 0 0
638 0.921133 1.12E-07 2.62E-07 3.90E-06 0.001325 0.940337 3.97E-08 8.06E-07 1.70E-06 0 0 0 0 0 0 0
639 0.920876 1.19E-07 2.83E-07 3.69E-06 0.000974 0.93794 3.37E-08 7.50E-07 1.10E-06 0 0 0 0 0 0 0
640 0.921294 1.98E-07 3.02E-07 3.54E-06 0.000721 0.934316 2.14E-08 7.23E-07 2.83E-07 0 0 0 0 0 0 0
641 0.921807 2.56E-07 2.06E-07 3.42E-06 0.000542 0.933317 1.96E-08 8.11E-07 1.28E-07 0 0 0 0 0 0 0
642 0.92255 1.05E-07 2.44E-07 3.30E-06 0.000416 0.937769 3.02E-08 7.75E-07 9.18E-08 0 0 0 0 0 0 0
643 0.923574 1.89E-07 3.57E-07 3.15E-06 0.000326 0.942038 1.58E-08 8.63E-07 4.40E-07 0 0 0 0 0 0 0
644 0.926995 6.88E-08 2.72E-07 2.91E-06 0.000258 0.945412 1.05E-08 8.64E-07 5.61E-07 0 0 0 0 0 0 0
645 0.931153 6.14E-08 1.51E-07 2.86E-06 0.000202 0.946738 1.34E-08 7.58E-07 1.95E-07 0 0 0 0 0 0 0
646 0.935138 3.36E-08 2.53E-07 2.72E-06 0.000159 0.944166 3.19E-08 8.20E-07 7.27E-07 0 0 0 0 0 0 0
647 0.939018 4.72E-08 3.64E-07 2.58E-06 0.000125 0.943077 8.61E-08 8.46E-07 1.08E-06 0 0 0 0 0 0 0
648 0.942939 1.44E-07 2.25E-07 2.54E-06 9.73E-05 0.945134 1.16E-07 8.29E-07 1.13E-07 0 0 0 0 0 0 0
649 0.945014 2.38E-07 2.04E-07 2.50E-06 7.52E-05 0.94836 5.03E-08 8.50E-07 5.17E-07 0 0 0 0 0 0 0
650 0.946446 2.03E-07 3.63E-07 2.39E-06 5.84E-05 0.953586 2.60E-08 8.67E-07 8.23E-07 0 0 0 0 0 0 0
651 0.947859 2.31E-07 3.01E-07 2.31E-06 4.64E-05 0.957101 7.72E-08 8.62E-07 2.95E-07 0 0 0 0 0 0 0
652 0.949309 8.90E-08 2.29E-07 2.28E-06 3.74E-05 0.957486 9.00E-08 8.48E-07 5.01E-07 0 0 0 0 0 0 0
653 0.950804 1.53E-07 2.60E-07 2.29E-06 3.03E-05 0.957883 1.01E-07 9.00E-07 1.17E-06 0 0 0 0 0 0 0
654 0.950645 1.11E-07 1.99E-07 2.34E-06 2.45E-05 0.957928 9.70E-08 9.39E-07 7.78E-07 0 0 0 0 0 0 0
655 0.949507 1.04E-07 1.92E-07 2.41E-06 2.08E-05 0.959214 1.27E-07 9.72E-07 1.60E-07 0 0 0 0 0 0 0
656 0.948403 4.14E-08 1.87E-07 2.42E-06 1.79E-05 0.963707 1.83E-07 9.55E-07 5.02E-07 0 0 0 0 0 0 0
657 0.947917 4.14E-08 3.67E-07 2.46E-06 1.51E-05 0.968426 2.07E-07 1.03E-06 7.68E-07 0 0 0 0 0 0 0
658 0.947955 2.45E-07 2.11E-07 2.53E-06 1.27E-05 0.972967 2.68E-07 1.04E-06 1.79E-07 0 0 0 0 0 0 0
659 0.949656 4.05E-07 2.51E-07 2.65E-06 1.10E-05 0.976444 3.51E-07 1.03E-06 1.10E-06 0 0 0 0 0 0 0
660 0.95146 9.10E-08 5.78E-07 2.66E-06 9.49E-06 0.977351 4.32E-07 1.09E-06 2.16E-06 0 0 0 0 0 0 0
661 0.952573 2.11E-07 1.71E-06 2.70E-06 8.08E-06 0.978297 5.27E-07 1.10E-06 5.72E-07 0 0 0 0 0 0 0
662 0.953709 1.49E-07 1.99E-06 2.66E-06 6.72E-06 0.980538 6.29E-07 1.11E-06 2.06E-07 0 0 0 0 0 0 0
663 0.955553 2.22E-07 1.19E-06 2.61E-06 5.82E-06 0.9841 7.83E-07 1.09E-06 1.29E-06 0 0 0 0 0 0 0
664 0.957467 3.52E-07 6.61E-07 2.71E-06 5.03E-06 0.988836 9.95E-07 1.11E-06 1.80E-06 0 0 0 0 0 0 0
665 0.95887 8.85E-08 7.07E-07 2.73E-06 4.34E-06 0.991643 1.21E-06 1.28E-06 1.31E-07 0 0 0 0 0 0 0
666 0.959794 1.08E-07 1.24E-06 2.69E-06 3.90E-06 0.991602 1.48E-06 1.27E-06 1.58E-06 0 0 0 0 0 0 0
667 0.960471 1.88E-07 1.64E-06 2.68E-06 3.42E-06 0.991092 1.81E-06 1.28E-06 2.53E-06 0 0 0 0 0 0 0
668 0.961415 1.14E-07 1.08E-06 2.69E-06 2.97E-06 0.990519 2.23E-06 1.28E-06 1.11E-07 0 0 0 0 0 0 0
669 0.962713 1.05E-07 5.66E-07 2.70E-06 2.77E-06 0.991463 2.74E-06 1.34E-06 1.35E-06 0 0 0 0 0 0 0
670 0.963929 5.65E-08 3.46E-07 2.70E-06 2.62E-06 0.993789 3.34E-06 1.45E-06 3.75E-06 0 0 0 0 0 0 0
671 0.964542 1.35E-07 3.31E-07 2.79E-06 2.37E-06 0.994631 4.14E-06 1.40E-06 2.88E-06 0 0 0 0 0 0 0
672 0.965102 1.14E-07 3.91E-07 2.83E-06 2.20E-06 0.994089 5.18E-06 1.44E-06 7.99E-08 0 0 0 0 0 0 0
673 0.966204 1.13E-07 3.10E-07 2.89E-06 1.95E-06 0.992827 6.52E-06 1.53E-06 2.66E-06 0 0 0 0 0 0 0
674 0.966859 9.78E-08 2.41E-07 2.86E-06 1.68E-06 0.98979 8.34E-06 1.65E-06 3.85E-06 0 0 0 0 0 0 0
675 0.967071 7.71E-08 2.32E-07 2.81E-06 1.54E-06 0.987204 1.07E-05 1.65E-06 1.01E-07 0 0 0 0 0 0 0
676 0.967253 1.26E-07 4.00E-07 2.95E-06 1.44E-06 0.985719 1.40E-05 1.68E-06 9.69E-08 0 0 0 0 0 0 0
677 0.967698 1.72E-07 3.82E-07 3.27E-06 1.40E-06 0.986463 1.85E-05 1.78E-06 6.02E-08 0 0 0 0 0 0 0
678 0.968078 2.60E-07 1.57E-07 3.31E-06 1.32E-06 0.989998 2.50E-05 1.79E-06 7.46E-07 0 0 0 0 0 0 0
679 0.96186 2.09E-07 2.80E-07 3.33E-06 1.38E-06 0.992978 3.40E-05 1.90E-06 1.08E-06 0 0 0 0 0 0 0
680 0.954208 6.93E-08 3.07E-07 3.40E-06 1.35E-06 0.995651 4.63E-05 2.07E-06 1.84E-07 0 0 0 0 0 0 0
681 0.946783 5.53E-08 2.46E-07 3.24E-06 1.08E-06 0.998122 6.38E-05 2.01E-06 3.42E-07 0 0 0 0 0 0 0
682 0.939386 1.04E-07 2.85E-07 3.36E-06 1.03E-06 1 8.84E-05 2.11E-06 1.39E-06 0 0 0 0 0 0 0
683 0.931764 2.35E-07 3.29E-07 3.76E-06 1.03E-06 0.998371 0.000123 2.28E-06 1.69E-06 0 0 0 0 0 0 0
684 0.93263 2.36E-07 3.94E-07 3.90E-06 9.92E-07 0.992021 0.000169 2.26E-06 1.87E-10 0 0 0 0 0 0 0
685 0.935149 1.70E-07 3.98E-07 4.00E-06 9.67E-07 0.970394 0.000235 2.39E-06 7.91E-07 0 0 0 0 0 0 0
686 0.93797 1.46E-07 4.04E-07 4.04E-06 9.93E-07 0.92847 0.000324 2.51E-06 1.17E-06 0 0 0 0 0 0 0
687 0.941304 8.91E-08 3.73E-07 4.04E-06 9.65E-07 0.8575 0.00045 2.51E-06 1.49E-07 0 0 0 0 0 0 0
688 0.94469 2.02E-07 2.61E-07 3.88E-06 8.63E-07 0.747298 0.000627 2.65E-06 2.76E-07 0 0 0 0 0 0 0
689 0.949341 2.15E-07 3.90E-07 3.55E-06 8.98E-07 0.61969 0.000873 2.79E-06 3.57E-07 0 0 0 0 0 0 0
690 0.953911 3.07E-08 7.21E-07 3.11E-06 7.94E-07 0.469822 0.00123 2.82E-06 5.15E-08 0 0 0 0 0 0 0
691 0.958347 5.94E-08 1.11E-06 2.60E-06 7.88E-07 0.337794 0.001758 2.99E-06 1.12E-07 0 0 0 0 0 0 0
692 0.963064 2.95E-07 1.39E-06 2.07E-06 8.52E-07 0.22884 0.002539 3.21E-06 8.92E-07 0 0 0 0 0 0 0
693 0.968358 5.04E-07 1.09E-06 1.47E-06 6.92E-07 0.146237 0.003765 3.21E-06 1.05E-06 0 0 0 0 0 0 0
694 0.971524 3.21E-07 6.13E-07 1.14E-06 5.54E-07 0.096673 0.005681 3.38E-06 6.30E-08 0 0 0 0 0 0 0
695 0.974047 1.79E-07 4.13E-07 9.34E-07 6.10E-07 0.060716 0.008798 3.56E-06 5.25E-07 0 0 0 0 0 0 0
696 0.976107 2.41E-07 1.72E-07 6.90E-07 7.13E-07 0.041649 0.01392 3.61E-06 1.18E-06 0 0 0 0 0 0 0
697 0.977728 3.62E-07 9.52E-08 4.83E-07 6.19E-07 0.027017 0.022401 3.75E-06 7.56E-07 0 0 0 0 0 0 0
698 0.979453 3.46E-07 1.90E-07 3.99E-07 5.54E-07 0.018886 0.042771 3.87E-06 4.09E-07 0 0 0 0 0 0 0
699 0.982344 1.58E-07 1.78E-07 3.16E-07 5.09E-07 0.013099 0.069909 4.01E-06 9.72E-07 0 0 0 0 0 0 0
700 0.985429 1.16E-07 1.49E-07 2.33E-07 4.95E-07 0.009253 0.111046 4.10E-06 5.83E-07 0 0 0 0 0 0 0
701 0.988165 3.70E-07 1.47E-07 1.82E-07 5.72E-07 0.006482 0.175527 4.33E-06 2.06E-07 0 0 0 0 0 0 0
702 0.990978 4.68E-07 2.34E-07 1.79E-07 6.31E-07 0.004604 0.267335 4.55E-06 2.25E-07 0 0 0 0 0 0 0
703 0.994267 2.84E-07 2.89E-07 1.55E-07 6.28E-07 0.003261 0.380672 4.53E-06 1.86E-10 0 0 0 0 0 0 0
704 0.99564 2.12E-07 1.17E-07 1.20E-07 6.77E-07 0.00238 0.518552 4.71E-06 1.72E-06 0 0 0 0 0 0 0
705 0.996128 1.40E-07 2.38E-07 5.32E-08 8.04E-07 0.001759 0.647785 5.00E-06 2.42E-06 0 0 0 0 0 0 0
706 0.99671 9.53E-08 4.45E-07 8.28E-08 7.46E-07 0.001299 0.767607 5.03E-06 5.42E-07 0 0 0 0 0 0 0
707 0.998169 1.64E-07 4.96E-07 9.21E-08 5.94E-07 0.000965 0.86087 5.12E-06 4.77E-09 0 0 0 0 0 0 0
708 1 1.54E-07 4.85E-07 6.28E-08 5.75E-07 0.000729 0.924319 5.32E-06 1.05E-06 0 0 0 0 0 0 0
709 0.99995 8.55E-08 5.40E-07 7.45E-08 5.28E-07 0.00056 0.966168 5.56E-06 3.25E-06 0 0 0 0 0 0 0
710 0.999178 1.03E-07 5.66E-07 4.27E-08 4.44E-07 0.000438 0.984207 5.78E-06 2.28E-06 0 0 0 0 0 0 0
711 0.997844 2.77E-08 5.86E-07 4.24E-08 4.52E-07 0.00035 0.993339 5.93E-06 1.83E-10 0 0 0 0 0 0 0
712 0.996404 3.51E-08 6.68E-07 7.41E-08 5.22E-07 0.000283 0.993436 6.06E-06 1.47E-06 0 0 0 0 0 0 0
713 0.995319 8.97E-08 8.55E-07 7.83E-08 4.97E-07 0.000229 0.992005 6.28E-06 2.85E-06 0 0 0 0 0 0 0
714 0.993665 1.28E-07 1.06E-06 7.48E-08 3.93E-07 0.000187 0.988974 6.43E-06 1.36E-06 0 0 0 0 0 0 0
715 0.992167 3.70E-07 1.12E-06 6.24E-08 3.92E-07 0.000153 0.986575 6.79E-06 1.82E-10 0 0 0 0 0 0 0
716 0.990555 3.54E-07 9.31E-07 6.20E-08 4.66E-07 0.000126 0.984479 7.14E-06 1.96E-07 0 0 0 0 0 0 0
717 0.988601 1.55E-07 6.18E-07 9.89E-08 5.17E-07 0.000104 0.982586 7.30E-06 1.35E-06 0 0 0 0 0 0 0
718 0.986724 1.30E-07 4.36E-07 6.00E-08 5.76E-07 8.51E-05 0.981322 7.53E-06 1.45E-06 0 0 0 0 0 0 0
719 0.987133 1.22E-07 3.19E-07 2.21E-08 6.08E-07 6.96E-05 0.980626 7.82E-06 2.95E-07 0 0 0 0 0 0 0
720 0.987772 1.87E-07 2.07E-07 7.53E-08 6.19E-07 5.76E-05 0.980137 8.07E-06 1.83E-10 0 0 0 0 0 0 0
721 0.988094 1.47E-07 2.15E-07 1.11E-07 6.01E-07 4.86E-05 0.980399 8.26E-06 1.63E-06 0 0 0 0 0 0 0
722 0.988156 7.01E-08 2.50E-07 7.65E-08 5.48E-07 4.05E-05 0.981445 8.56E-06 1.61E-06 0 0 0 0 0 0 0
723 0.988108 1.67E-08 1.50E-07 3.88E-08 4.49E-07 3.34E-05 0.982606 8.93E-06 3.82E-08 0 0 0 0 0 0 0
724 0.986564 5.67E-08 4.67E-08 6.16E-08 5.78E-07 2.93E-05 0.983888 9.25E-06 6.52E-07 0 0 0 0 0 0 0
725 0.984859 1.25E-07 8.74E-08 7.33E-08 7.82E-07 2.68E-05 0.985978 9.60E-06 9.03E-07 0 0 0 0 0 0 0
726 0.983162 1.84E-07 1.19E-07 5.63E-08 8.06E-07 2.33E-05 0.988925 9.96E-06 2.71E-07 0 0 0 0 0 0 0
727 0.981582 1.21E-07 7.94E-08 3.37E-08 6.10E-07 1.86E-05 0.991431 1.06E-05 6.68E-07 0 0 0 0 0 0 0
728 0.98016 5.63E-08 6.47E-08 3.14E-08 5.18E-07 1.54E-05 0.993581 1.13E-05 2.26E-06 0 0 0 0 0 0 0
729 0.979204 3.12E-08 1.07E-07 3.27E-08 5.40E-07 1.44E-05 0.995507 1.23E-05 1.49E-06 0 0 0 0 0 0 0
730 0.978288 2.20E-10 7.71E-08 3.87E-08 5.30E-07 1.34E-05 0.997118 1.35E-05 3.27E-08 0 0 0 0 0 0 0
731 0.97729 1.73E-07 9.66E-08 6.68E-08 6.02E-07 1.17E-05 0.998589 1.51E-05 2.24E-06 0 0 0 0 0 0 0
732 0.976282 1.64E-07 1.46E-07 8.61E-08 5.85E-07 9.67E-06 1 1.72E-05 1.95E-06 0 0 0 0 0 0 0
733 0.975319 8.07E-08 1.08E-07 1.16E-07 4.93E-07 8.16E-06 0.999706 1.96E-05 6.42E-08 0 0 0 0 0 0 0
734 0.975587 2.54E-07 8.91E-08 7.23E-08 6.44E-07 7.32E-06 0.997729 2.27E-05 5.56E-08 0 0 0 0 0 0 0
735 0.975613 1.98E-07 1.52E-07 1.40E-08 8.63E-07 6.57E-06 0.990438 2.65E-05 1.33E-06 0 0 0 0 0 0 0
736 0.975728 2.57E-09 1.12E-07 4.36E-08 8.39E-07 6.18E-06 0.978892 3.08E-05 1.13E-06 0 0 0 0 0 0 0
737 0.976248 4.61E-08 2.08E-08 4.61E-08 8.26E-07 5.80E-06 0.953738 3.57E-05 1.86E-10 0 0 0 0 0 0 0
738 0.976869 1.52E-07 3.10E-08 2.79E-08 8.28E-07 5.11E-06 0.916784 4.11E-05 9.74E-08 0 0 0 0 0 0 0
739 0.977212 3.87E-07 5.36E-08 6.50E-08 7.20E-07 4.20E-06 0.857412 4.75E-05 8.87E-07 0 0 0 0 0 0 0
740 0.977312 3.18E-07 6.99E-08 8.34E-08 6.51E-07 3.56E-06 0.779389 5.51E-05 6.61E-07 0 0 0 0 0 0 0
741 0.977316 6.38E-08 1.31E-07 8.23E-08 7.42E-07 3.63E-06 0.677168 6.41E-05 3.34E-08 0 0 0 0 0 0 0
742 0.977457 1.42E-08 1.10E-07 1.06E-07 7.84E-07 3.80E-06 0.555312 7.58E-05 2.21E-07 0 0 0 0 0 0 0
743 0.97786 5.17E-07 5.41E-08 9.29E-08 7.06E-07 3.34E-06 0.434652 9.07E-05 6.81E-07 0 0 0 0 0 0 0
744 0.976361 6.74E-07 4.15E-08 9.23E-08 7.07E-07 2.98E-06 0.314722 0.000111 4.45E-07 0 0 0 0 0 0 0
745 0.974567 2.63E-07 6.42E-08 1.77E-07 7.37E-07 2.95E-06 0.221307 0.000139 2.29E-08 0 0 0 0 0 0 0
746 0.972623 8.94E-08 4.99E-08 2.50E-07 7.68E-07 2.54E-06 0.148797 0.000176 5.44E-08 0 0 0 0 0 0 0
747 0.970796 2.29E-07 8.36E-08 2.64E-07 7.92E-07 2.57E-06 0.098916 0.00023 1.48E-07 0 0 0 0 0 0 0
748 0.969416 3.82E-07 8.59E-08 3.69E-07 7.38E-07 3.13E-06 0.066509 0.000305 8.13E-08 0 0 0 0 0 0 0
749 0.968832 3.49E-07 9.27E-08 4.26E-07 8.01E-07 2.85E-06 0.044926 0.000411 1.48E-08 0 0 0 0 0 0 0
750 0.967801 3.64E-07 1.27E-07 5.41E-07 9.00E-07 2.24E-06 0.029256 0.000562 9.72E-08 0 0 0 0 0 0 0
751 0.965563 6.99E-07 1.89E-07 5.41E-07 9.23E-07 1.95E-06 0.020298 0.00077 6.36E-08 0 0 0 0 0 0 0
752 0.963198 7.40E-07 1.36E-07 6.71E-07 1.03E-06 2.10E-06 0.014336 0.001062 1.77E-10 0 0 0 0 0 0 0
753 0.961837 6.36E-07 1.54E-07 7.90E-07 9.91E-07 2.73E-06 0.010305 0.001455 1.76E-10 0 0 0 0 0 0 0
754 0.961672 7.48E-07 2.49E-07 7.64E-07 1.16E-06 2.27E-06 0.007489 0.00197 7.58E-07 0 0 0 0 0 0 0
755 0.960984 5.08E-07 2.93E-07 7.31E-07 1.48E-06 1.74E-06 0.005491 0.002655 7.10E-07 0 0 0 0 0 0 0
756 0.959863 4.33E-07 1.50E-07 6.43E-07 1.51E-06 1.78E-06 0.004071 0.00347 2.88E-07 0 0 0 0 0 0 0
757 0.958636 7.27E-07 2.61E-07 5.38E-07 1.62E-06 1.70E-06 0.003042 0.004544 1.90E-07 0 0 0 0 0 0 0
758 0.957621 4.74E-07 2.98E-07 5.44E-07 1.78E-06 1.65E-06 0.002297 0.005997 1.06E-06 0 0 0 0 0 0 0
759 0.956764 2.79E-07 1.30E-07 5.43E-07 1.75E-06 1.84E-06 0.001734 0.007896 8.12E-07 0 0 0 0 0 0 0
760 0.955991 2.70E-07 1.51E-07 4.82E-07 1.88E-06 2.44E-06 0.00131 0.010358 7.94E-08 0 0 0 0 0 0 0
761 0.955007 4.27E-07 1.17E-07 4.76E-07 1.99E-06 2.39E-06 0.001018 0.013762 3.14E-08 0 0 0 0 0 0 0
762 0.954249 5.74E-07 7.24E-08 4.86E-07 2.20E-06 1.82E-06 0.000802 0.018329 3.36E-07 0 0 0 0 0 0 0
763 0.954013 4.31E-07 7.27E-08 3.40E-07 2.39E-06 1.68E-06 0.000621 0.02778 3.34E-07 0 0 0 0 0 0 0
764 0.952926 2.48E-07 1.20E-07 3.73E-07 2.46E-06 1.43E-06 0.000484 0.038552 2.28E-07 0 0 0 0 0 0 0
765 0.951011 3.85E-07 1.98E-07 4.65E-07 2.65E-06 1.82E-06 0.000382 0.058774 2.40E-07 0 0 0 0 0 0 0
766 0.949047 4.07E-07 1.32E-07 4.53E-07 2.90E-06 2.09E-06 0.000305 0.085283 1.14E-06 0 0 0 0 0 0 0
767 0.947752 6.73E-07 7.48E-08 5.31E-07 3.05E-06 1.58E-06 0.000245 0.133738 1.33E-06 0 0 0 0 0 0 0
768 0.946342 7.44E-07 1.95E-07 4.94E-07 3.14E-06 1.23E-06 0.000199 0.196286 5.33E-07 0 0 0 0 0 0 0
769 0.94533 8.72E-07 1.46E-07 4.23E-07 3.40E-06 1.13E-06 0.000162 0.28673 3.54E-07 0 0 0 0 0 0 0
770 0.944361 9.85E-07 1.18E-07 2.72E-07 3.98E-06 1.99E-06 0.000133 0.394834 1.12E-06 0 0 0 0 0 0 0
771 0.944556 1.06E-06 1.77E-07 2.80E-07 4.77E-06 2.20E-06 0.000111 0.507515 3.34E-06 0 0 0 0 0 0 0
772 0.945085 1.20E-06 1.39E-07 2.67E-07 5.10E-06 1.29E-06 9.22E-05 0.623159 1.74E-06 0 0 0 0 0 0 0
773 0.944982 1.65E-06 3.72E-08 2.07E-07 4.40E-06 1.23E-06 7.72E-05 0.719576 3.46E-08 0 0 0 0 0 0 0
774 0.944763 1.68E-06 2.49E-08 1.70E-07 5.15E-06 1.54E-06 6.47E-05 0.804341 1.66E-10 0 0 0 0 0 0 0
775 0.944766 1.61E-06 8.29E-08 1.57E-07 6.80E-06 1.69E-06 5.46E-05 0.86963 3.01E-06 0 0 0 0 0 0 0
776 0.945185 1.55E-06 1.47E-07 1.26E-07 6.80E-06 1.58E-06 4.61E-05 0.923689 1.76E-06 0 0 0 0 0 0 0
777 0.946017 1.95E-06 2.00E-07 1.52E-07 7.44E-06 1.35E-06 3.94E-05 0.959712 1.66E-10 0 0 0 0 0 0 0
778 0.946698 1.90E-06 1.41E-07 1.74E-07 8.14E-06 1.72E-06 3.41E-05 0.985011 9.00E-08 0 0 0 0 0 0 0
779 0.945752 1.65E-06 3.06E-07 1.02E-07 8.30E-06 1.78E-06 2.92E-05 0.996563 1.69E-07 0 0 0 0 0 0 0
780 0.944335 1.77E-06 4.82E-07 1.20E-07 8.54E-06 1.38E-06 2.50E-05 1 3.63E-07 0 0 0 0 0 0 0
781 0.942577 2.23E-06 9.78E-07 1.68E-07 8.14E-06 1.10E-06 2.17E-05 0.998073 5.04E-07 0 0 0 0 0 0 0
782 0.94092 3.27E-06 1.45E-06 1.27E-07 8.07E-06 1.65E-06 1.88E-05 0.993449 5.82E-07 0 0 0 0 0 0 0
783 0.939488 4.87E-06 2.57E-06 6.49E-08 9.27E-06 2.08E-06 1.64E-05 0.989415 6.01E-07 0 0 0 0 0 0 0
784 0.936619 7.15E-06 3.98E-06 1.07E-07 1.10E-05 1.39E-06 1.43E-05 0.98546 5.20E-07 0 0 0 0 0 0 0
785 0.933376 9.67E-06 4.85E-06 1.48E-07 9.92E-06 9.32E-07 1.25E-05 0.98097 1.67E-07 0 0 0 0 0 0 0
786 0.930316 1.13E-05 5.25E-06 6.91E-08 1.01E-05 1.62E-06 1.11E-05 0.976594 3.91E-08 0 0 0 0 0 0 0
787 0.927914 1.19E-05 6.42E-06 6.88E-08 1.25E-05 1.93E-06 9.78E-06 0.971916 1.14E-07 0 0 0 0 0 0 0
788 0.925824 8.35E-06 5.65E-06 1.10E-07 1.58E-05 1.53E-06 8.60E-06 0.966628 4.90E-08 0 0 0 0 0 0 0
789 0.925288 1.14E-05 4.01E-06 1.53E-07 2.62E-05 1.32E-06 7.38E-06 0.959915 8.54E-07 0 0 0 0 0 0 0
790 0.924402 1.29E-05 2.94E-06 1.09E-07 3.24E-05 1.02E-06 6.49E-06 0.952534 1.57E-06 0 0 0 0 0 0 0
791 0.923833 1.31E-05 1.79E-06 8.04E-08 5.48E-05 9.66E-07 5.93E-06 0.945136 6.47E-07 0 0 0 0 0 0 0
792 0.923919 1.26E-05 1.57E-06 5.85E-08 7.64E-05 1.04E-06 5.21E-06 0.938224 3.61E-08 0 0 0 0 0 0 0
793 0.918947 1.15E-05 1.91E-06 4.64E-08 0.000119 6.89E-07 4.69E-06 0.933623 1.43E-06 0 0 0 0 0 0 0
794 0.882565 1.07E-05 2.55E-06 1.16E-07 0.000183 4.86E-07 4.29E-06 0.92937 1.53E-06 0 0 0 0 0 0 0
795 0.844872 1.09E-05 3.41E-06 1.23E-07 0.000276 6.07E-07 3.83E-06 0.924111 4.36E-07 0 0 0 0 0 0 0
796 0.8072 1.08E-05 4.12E-06 1.38E-07 0.000348 5.10E-07 3.40E-06 0.919046 1.82E-07 0 0 0 0 0 0 0
797 0.770594 1.22E-05 4.46E-06 1.24E-07 0.000466 3.21E-07 3.13E-06 0.916865 9.61E-07 0 0 0 0 0 0 0
798 0.723477 2.80E-05 6.86E-06 9.15E-08 0.00059 2.94E-07 2.78E-06 0.915476 7.88E-07 0 0 0 0 0 0 0
799 0.624514 2.76E-05 5.33E-06 4.96E-08 0.000713 5.85E-08 2.52E-06 0.913607 7.93E-07 0 0 0 0 0 0 0
800 0.525414 4.56E-05 5.09E-06 1.10E-08 0.000827 2.50E-07 2.41E-06 0.911989 4.55E-07 0 0 0 0 0 0 0
801 0.426795 4.95E-05 4.37E-06 2.33E-09 0.001108 7.64E-07 2.30E-06 0.9121 4.72E-07 0 0 0 0 0 0 0
802 0.328046 5.44E-05 3.61E-06 1.09E-09 0.001524 5.27E-07 2.23E-06 0.912971 2.53E-07 0 0 0 0 0 0 0
803 0.240226 5.87E-05 3.12E-06 4.13E-08 0.002386 1.92E-07 1.86E-06 0.913628 7.78E-07 0 0 0 0 0 0 0
804 0.202616 5.90E-05 3.19E-06 4.53E-08 0.003751 4.90E-07 1.77E-06 0.913915 5.53E-07 0 0 0 0 0 0 0
805 0.164866 5.22E-05 1.32E-06 3.77E-08 0.005704 9.40E-07 1.71E-06 0.913598 9.81E-08 0 0 0 0 0 0 0
806 0.127028 6.22E-05 1.33E-06 6.45E-08 0.007423 6.39E-07 1.49E-06 0.912964 1.12E-07 0 0 0 0 0 0 0
807 0.088094 5.85E-05 3.83E-06 6.04E-08 0.006749 2.04E-07 1.52E-06 0.911826 6.23E-07 0 0 0 0 0 0 0
808 0.052801 5.15E-05 3.45E-06 3.58E-08 0.004383 3.18E-07 1.44E-06 0.910945 5.43E-07 0 0 0 0 0 0 0
809 0.040889 4.17E-05 3.74E-06 1.17E-06 0.002784 8.79E-07 1.30E-06 0.909245 4.73E-07 0 0 0 0 0 0 0
810 0.033829 4.39E-05 3.62E-06 8.47E-06 0.001569 1.47E-06 1.20E-06 0.906658 1.43E-07 0 0 0 0 0 0 0
811 0.021818 4.49E-05 1.07E-06 1.37E-05 0.000925 5.92E-07 9.93E-07 0.902972 1.96E-07 0 0 0 0 0 0 0
812 0.013125 3.71E-05 1.78E-06 8.28E-06 0.000589 4.82E-08 1.02E-06 0.899119 1.39E-06 0 0 0 0 0 0 0
813 0.007657 4.01E-05 2.96E-06 1.32E-06 0.000378 5.05E-08 9.26E-07 0.895601 1.04E-06 0 0 0 0 0 0 0
814 0.004082 3.26E-05 4.47E-06 2.66E-08 0.000277 5.70E-07 8.95E-07 0.89244 4.99E-07 0 0 0 0 0 0 0
815 0.00314 3.36E-05 2.51E-06 3.68E-08 0.000234 9.16E-07 8.24E-07 0.889163 1.73E-07 0 0 0 0 0 0 0
816 0.002449 4.57E-05 1.08E-06 5.91E-08 0.000187 5.53E-07 7.46E-07 0.885152 2.47E-06 0 0 0 0 0 0 0
817 0.001923 3.71E-05 3.57E-06 2.20E-08 0.000159 1.40E-07 6.51E-07 0.880557 1.21E-06 0 0 0 0 0 0 0
818 0.001516 3.74E-05 2.85E-06 5.04E-09 0.000129 5.22E-08 5.69E-07 0.876267 1.06E-07 0 0 0 0 0 0 0
819 0.001205 3.06E-05 2.37E-06 2.48E-08 0.000122 3.62E-07 4.28E-07 0.873021 1.40E-10 0 0 0 0 0 0 0
820 0.000975 2.69E-05 2.49E-06 1.00E-08 0.000128 4.78E-07 5.42E-07 0.870143 6.69E-07 0 0 0 0 0 0 0
821 0.000788 1.64E-05 1.32E-06 4.65E-08 0.000131 5.65E-07 6.18E-07 0.868807 5.39E-07 0 0 0 0 0 0 0
822 0.000638 2.09E-05 2.33E-06 2.35E-08 9.78E-05 1.65E-07 5.74E-07 0.867731 1.22E-07 0 0 0 0 0 0 0
823 0.000524 2.30E-05 1.43E-06 2.51E-09 7.06E-05 7.15E-08 3.81E-07 0.866705 6.96E-07 0 0 0 0 0 0 0
824 0.000432 3.34E-05 2.38E-06 6.62E-11 5.37E-05 7.85E-07 2.76E-07 0.865749 6.68E-07 0 0 0 0 0 0 0
825 0.000359 1.70E-05 2.38E-06 9.98E-09 4.36E-05 4.12E-07 3.70E-07 0.86502 4.99E-07 0 0 0 0 0 0 0
826 0.000298 1.75E-05 2.46E-06 1.75E-08 3.45E-05 1.08E-07 4.71E-07 0.864963 1.05E-06 0 0 0 0 0 0 0
827 0.000249 1.64E-05 1.96E-06 4.13E-08 3.01E-05 3.34E-08 4.31E-07 0.866745 4.56E-07 0 0 0 0 0 0 0
828 0.000209 1.62E-05 1.95E-06 6.01E-08 1.93E-05 2.75E-07 3.75E-07 0.868404 5.01E-07 0 0 0 0 0 0 0
829 0.000178 1.87E-05 1.87E-06 3.77E-08 1.17E-05 6.92E-07 3.08E-07 0.867076 1.51E-07 0 0 0 0 0 0 0
830 0.000151 2.46E-05 1.28E-06 6.21E-08 9.97E-06 3.95E-07 3.31E-07 0.86465 7.71E-07 0 0 0 0 0 0 0
